0
0
9
13
13
13
13
13
13
13
13
13
13
13
13
13
13
13
13
10
0
1
1
1
1
1
1
1
1
1
1
1
1
1
1
1
1
1
18
11
0
0
12
1
1
1
1
1
18
15
15
15
19
1
1
1
1
18
11
0
0
0
12
1
1
1
1
1
14
0
0
0
12
1
1
1
1
14
0
0
0
0
12
1
1
1
1
1
14
0
0
0
12
1
1
1
1
14
0
0
0
1
15
15
15
15
15
15
11
0
0
0
8
15
15
15
15
11
0
0
0
0
0
0
0
0
0
0
0
0
0
0
0
0
0
0
0
0
0
0
0
0
9
13
13
13
13
13
13
13
13
13
13
13
13
13
13
13
10
0
0
0
12
1
1
1
1
1
1
1
1
1
1
1
1
1
1
1
14
0
0
0
8
15
15
15
15
15
15
15
15
15
15
15
15
15
15
15
11
0
2
2
2
2
2
2
2
2
2
2
2
2
2
2
2
2
2
2
2
2
0
0
9
13
13
13
13
13
13
13
13
13
13
13
13
13
13
13
10
0
0
0
12
1
1
1
1
1
1
1
1
1
1
1
1
1
1
1
14
0
0
0
8
19
1
1
1
1
1
1
1
1
1
1
1
1
1
1
14
0
0
0
0
8
19
1
1
1
1
1
1
1
1
1
1
1
1
1
14
0
0
0
0
0
12
1
1
1
1
1
1
1
1
1
18
15
15
15
11
0
0
0
0
0
12
1
1
1
1
1
1
1
1
1
14
0
0
0
0
0
0
0
0
0
8
19
1
1
1
1
1
1
1
1
14
0
0
0
0
0
0
0
0
0
0
8
19
1
1
1
1
1
1
1
14
0
0
0
0
0
0
0
0
0
0
0
8
15
15
15
15
15
15
15
11
0
0
0
0
0
